50
100
4
1
1
50
100
1
3
1
50
200
10
1
1
110
100
1
3
1
110
200
1
3
4
111
200
1
3
3
111
200
1
3
3
112
200
5
2
3
112
200
1
3
3
115
200
1
3
3
117
456
1
1
3
117
590
2
1
1
117
695
3
1
1
117
456
1
3
1
117
200
2
3
3
117
847
4
1
5
117
568
10
1
3
118
100
1
3
3
118
568
1
3
3
118
695
1
3
3
119
847
1
3
3
119
200
1
3
3
119
547
4
1
3
119
547
1
3
3
124
200
1
3
4
124
777
36
1
3
124
777
6
3
4
125
888
3
1
3
125
999
50
1
6
125
999
50
2
6
125
758
60
1
6
125
1
4
1
3
125
1
4
2
3
125
2
6
1
3
125
2
3
3
4
125
777
6
3
4
125
4
20
1
3
126
5
7
1
3
126
6
30
1
3
126
200
3
2
3
126
777
6
2
3
126
5
1
3
7
126
777
6
3
7
141
200
2
2
3
144
200
1
3
4
144
1
1
2
3
144
200
2
2
3
148
200
1
3
4
155
777
2
3
4
155
547
3
3
4
155
758
5
3
4
155
758
1
3
1
155
777
1
3
3
163
200
1
3
4
163
758
1
3
4
163
243
50
1
3
163
243
10
2
3
163
243
10
3
4
